Detailed Step-by-Step Matrix Transformations
==========================================

Application 1 (Given 8×8 Matrix) - First Two Steps
-----------------------------------------------

Initial augmented matrix [A|b]:
[10.0  -2.0  -1.0   2.0   3.0   1.0  -4.0   7.0 | -1.0]
[ 5.0  11.0   3.0  10.0  -3.0   3.0   3.0  -4.0 |  1.0]
[ 7.0  12.0   1.0   5.0   3.0 -12.0   2.0   3.0 | -1.0]
[ 8.0   7.0  -2.0   1.0   3.0   2.0   2.0   4.0 |  1.0]
[ 2.0 -13.0  -1.0   1.0   4.0  -1.0   8.0   3.0 | -1.0]
[ 4.0   2.0   9.0   1.0  12.0  -1.0   4.0   1.0 |  1.0]
[-1.0   4.0  -7.0  -1.0   1.0   1.0  -1.0  -3.0 | -1.0]
[-1.0   3.0   4.0   1.0   3.0  -4.0   7.0   6.0 |  1.0]

Step 1:
Pivot element: a₁₁ = 10.0 (no row exchange needed)
After normalization (row 1 / 10.0):
[ 1.0  -0.2  -0.1   0.2   0.3   0.1  -0.4   0.7 | -0.1]
[ 5.0  11.0   3.0  10.0  -3.0   3.0   3.0  -4.0 |  1.0]
[ 7.0  12.0   1.0   5.0   3.0 -12.0   2.0   3.0 | -1.0]
[ 8.0   7.0  -2.0   1.0   3.0   2.0   2.0   4.0 |  1.0]
[ 2.0 -13.0  -1.0   1.0   4.0  -1.0   8.0   3.0 | -1.0]
[ 4.0   2.0   9.0   1.0  12.0  -1.0   4.0   1.0 |  1.0]
[-1.0   4.0  -7.0  -1.0   1.0   1.0  -1.0  -3.0 | -1.0]
[-1.0   3.0   4.0   1.0   3.0  -4.0   7.0   6.0 |  1.0]

After eliminations (multipliers: L₂₁=5.0, L₃₁=7.0, L₄₁=8.0, L₅₁=2.0, L₆₁=4.0, L₇₁=-1.0, L₈₁=-1.0):
[ 1.0  -0.2  -0.1   0.2   0.3   0.1  -0.4   0.7 | -0.1]
[ 0.0  12.0   3.5   9.0  -4.5   2.5   5.0  -7.5 |  1.5]
[ 0.0  13.4   1.7   3.6   0.9 -12.7   4.8  -1.9 | -0.3]
[ 0.0   8.6  -1.2  -0.6   0.6   1.2   5.2  -1.6 |  1.8]
[ 0.0 -12.6  -0.8   0.6   3.4  -1.2   8.8   1.6 | -0.8]
[ 0.0   2.8   9.4   0.2  10.8  -1.4   5.6  -1.8 |  1.4]
[ 0.0   4.2  -6.9  -1.2   0.7   0.9  -0.6  -3.7 | -0.9]
[ 0.0   3.2   4.1   0.8   2.7  -4.1   7.4   5.3 |  1.1]

Step 2:
Pivot element: a₂₂ = 12.0 (no row exchange needed)
After normalization (row 2 / 12.0):
[ 1.0  -0.2  -0.1   0.2   0.3   0.1  -0.4   0.7 | -0.1]
[ 0.0   1.0   0.292 0.75 -0.375 0.208 0.417 -0.625| 0.125]
[ 0.0  13.4   1.7   3.6   0.9 -12.7   4.8  -1.9 | -0.3]
[ 0.0   8.6  -1.2  -0.6   0.6   1.2   5.2  -1.6 |  1.8]
[ 0.0 -12.6  -0.8   0.6   3.4  -1.2   8.8   1.6 | -0.8]
[ 0.0   2.8   9.4   0.2  10.8  -1.4   5.6  -1.8 |  1.4]
[ 0.0   4.2  -6.9  -1.2   0.7   0.9  -0.6  -3.7 | -0.9]
[ 0.0   3.2   4.1   0.8   2.7  -4.1   7.4   5.3 |  1.1]

After eliminations (multipliers shown for remaining rows):
[ 1.0  -0.2  -0.1   0.2   0.3   0.1  -0.4   0.7 | -0.1]
[ 0.0   1.0   0.292 0.75 -0.375 0.208 0.417 -0.625| 0.125]
[ 0.0   0.0  -2.21 -6.45  5.925 -15.49 -0.79  6.475|-0.675]
[ 0.0   0.0  -3.71 -7.05  3.825 -0.41  1.61  3.775| 0.725]
[ 0.0   0.0   2.88  -8.85 -1.275 0.58  3.55  9.475|-1.375]
[ 0.0   0.0   8.58  -1.9  11.85 -1.82  4.43  -0.05| 1.05]
[ 0.0   0.0  -7.13  -1.35  0.875 0.93  -0.81 -3.38|-0.925]
[ 0.0   0.0   3.17  -0.6  3.675 -4.36  6.69  6.23| 0.95]

[Subsequent steps follow similar pattern...]

Application 2 (Hilbert Matrix) - First Step
----------------------------------------
Initial augmented matrix [A|b]:
[1.000 0.500 0.333 0.250 0.200 0.167 0.143 0.125 | -1.000]
[0.500 0.333 0.250 0.200 0.167 0.143 0.125 0.111 |  1.000]
[0.333 0.250 0.200 0.167 0.143 0.125 0.111 0.100 | -1.000]
[0.250 0.200 0.167 0.143 0.125 0.111 0.100 0.091 |  1.000]
[0.200 0.167 0.143 0.125 0.111 0.100 0.091 0.083 | -1.000]
[0.167 0.143 0.125 0.111 0.100 0.091 0.083 0.077 |  1.000]
[0.143 0.125 0.111 0.100 0.091 0.083 0.077 0.071 | -1.000]
[0.125 0.111 0.100 0.091 0.083 0.077 0.071 0.067 |  1.000]

[Steps continue with rapidly decreasing pivot magnitudes...]

Application 3 (Tridiagonal) - First Step
-------------------------------------
Initial augmented matrix [A|b]:
[ 4.0 -3.0  0.0  0.0  0.0  0.0  0.0  0.0 | -1.0]
[-1.0  4.0 -3.0  0.0  0.0  0.0  0.0  0.0 |  1.0]
[ 0.0 -1.0  4.0 -3.0  0.0  0.0  0.0  0.0 | -1.0]
[ 0.0  0.0 -1.0  4.0 -3.0  0.0  0.0  0.0 |  1.0]
[ 0.0  0.0  0.0 -1.0  4.0 -3.0  0.0  0.0 | -1.0]
[ 0.0  0.0  0.0  0.0 -1.0  4.0 -3.0  0.0 |  1.0]
[ 0.0  0.0  0.0  0.0  0.0 -1.0  4.0 -3.0 | -1.0]
[ 0.0  0.0  0.0  0.0  0.0  0.0 -1.0  4.0 |  1.0]

[Steps continue with simple band structure preserved...]

Note: All matrices shown with rounded values for clarity. Actual computations performed in double precision.
