Step 1: Initial Matrix A


   10.000000     -2.000000     -1.000000      2.000000      3.000000      1.000000     -4.000000      7.000000
    5.000000     11.000000      3.000000     10.000000     -3.000000      3.000000      3.000000     -4.000000
    7.000000     12.000000      1.000000      5.000000      3.000000    -12.000000      2.000000      3.000000
    8.000000      7.000000     -2.000000      1.000000      3.000000      2.000000      2.000000      4.000000
    2.000000    -13.000000     -1.000000      1.000000      4.000000     -1.000000      8.000000      3.000000
    4.000000      2.000000      9.000000      1.000000     12.000000     -1.000000      4.000000      1.000000
   -1.000000      4.000000     -7.000000     -1.000000      1.000000      1.000000     -1.000000     -3.000000
   -1.000000      3.000000      4.000000      1.000000      3.000000     -4.000000      7.000000      6.000000

Predetermined solution x:
[-1  1 -1  1 -1  1 -1  1]

Step 2: Computed b = Ax
[  0  12  -5   3 -23 -26   9  -7]

Step 3: Augmented matrix [A|b]


   10.000000     -2.000000     -1.000000      2.000000      3.000000      1.000000     -4.000000      7.000000      0.000000
    5.000000     11.000000      3.000000     10.000000     -3.000000      3.000000      3.000000     -4.000000     12.000000
    7.000000     12.000000      1.000000      5.000000      3.000000    -12.000000      2.000000      3.000000     -5.000000
    8.000000      7.000000     -2.000000      1.000000      3.000000      2.000000      2.000000      4.000000      3.000000
    2.000000    -13.000000     -1.000000      1.000000      4.000000     -1.000000      8.000000      3.000000    -23.000000
    4.000000      2.000000      9.000000      1.000000     12.000000     -1.000000      4.000000      1.000000    -26.000000
   -1.000000      4.000000     -7.000000     -1.000000      1.000000      1.000000     -1.000000     -3.000000      9.000000
   -1.000000      3.000000      4.000000      1.000000      3.000000     -4.000000      7.000000      6.000000     -7.000000

Step 1 of elimination:

Normalize row 1 (divide by 10.000000)

After normalization:
    1.000000      0.000000      0.000000      0.000000      0.000000      0.000000      0.000000      0.000000      0.000000
    5.000000     11.000000      3.000000     10.000000     -3.000000      3.000000      3.000000     -4.000000     12.000000
    7.000000     12.000000      1.000000      5.000000      3.000000    -12.000000      2.000000      3.000000     -5.000000
    8.000000      7.000000     -2.000000      1.000000      3.000000      2.000000      2.000000      4.000000      3.000000
    2.000000    -13.000000     -1.000000      1.000000      4.000000     -1.000000      8.000000      3.000000    -23.000000
    4.000000      2.000000      9.000000      1.000000     12.000000     -1.000000      4.000000      1.000000    -26.000000
   -1.000000      4.000000     -7.000000     -1.000000      1.000000      1.000000     -1.000000     -3.000000      9.000000
   -1.000000      3.000000      4.000000      1.000000      3.000000     -4.000000      7.000000      6.000000     -7.000000

Eliminate entry in row 2
multiplier L_21 = 5.000000

After elimination:
    1.000000      0.000000      0.000000      0.000000      0.000000      0.000000      0.000000      0.000000      0.000000
    0.000000     11.000000      3.000000     10.000000     -3.000000      3.000000      3.000000     -4.000000     12.000000
    7.000000     12.000000      1.000000      5.000000      3.000000    -12.000000      2.000000      3.000000     -5.000000
    8.000000      7.000000     -2.000000      1.000000      3.000000      2.000000      2.000000      4.000000      3.000000
    2.000000    -13.000000     -1.000000      1.000000      4.000000     -1.000000      8.000000      3.000000    -23.000000
    4.000000      2.000000      9.000000      1.000000     12.000000     -1.000000      4.000000      1.000000    -26.000000
   -1.000000      4.000000     -7.000000     -1.000000      1.000000      1.000000     -1.000000     -3.000000      9.000000
   -1.000000      3.000000      4.000000      1.000000      3.000000     -4.000000      7.000000      6.000000     -7.000000

Eliminate entry in row 3
multiplier L_31 = 7.000000

After elimination:
    1.000000      0.000000      0.000000      0.000000      0.000000      0.000000      0.000000      0.000000      0.000000
    0.000000     11.000000      3.000000     10.000000     -3.000000      3.000000      3.000000     -4.000000     12.000000
    0.000000     12.000000      1.000000      5.000000      3.000000    -12.000000      2.000000      3.000000     -5.000000
    8.000000      7.000000     -2.000000      1.000000      3.000000      2.000000      2.000000      4.000000      3.000000
    2.000000    -13.000000     -1.000000      1.000000      4.000000     -1.000000      8.000000      3.000000    -23.000000
    4.000000      2.000000      9.000000      1.000000     12.000000     -1.000000      4.000000      1.000000    -26.000000
   -1.000000      4.000000     -7.000000     -1.000000      1.000000      1.000000     -1.000000     -3.000000      9.000000
   -1.000000      3.000000      4.000000      1.000000      3.000000     -4.000000      7.000000      6.000000     -7.000000

Eliminate entry in row 4
multiplier L_41 = 8.000000

After elimination:
    1.000000      0.000000      0.000000      0.000000      0.000000      0.000000      0.000000      0.000000      0.000000
    0.000000     11.000000      3.000000     10.000000     -3.000000      3.000000      3.000000     -4.000000     12.000000
    0.000000     12.000000      1.000000      5.000000      3.000000    -12.000000      2.000000      3.000000     -5.000000
    0.000000      7.000000     -2.000000      1.000000      3.000000      2.000000      2.000000      4.000000      3.000000
    2.000000    -13.000000     -1.000000      1.000000      4.000000     -1.000000      8.000000      3.000000    -23.000000
    4.000000      2.000000      9.000000      1.000000     12.000000     -1.000000      4.000000      1.000000    -26.000000
   -1.000000      4.000000     -7.000000     -1.000000      1.000000      1.000000     -1.000000     -3.000000      9.000000
   -1.000000      3.000000      4.000000      1.000000      3.000000     -4.000000      7.000000      6.000000     -7.000000

Eliminate entry in row 5
multiplier L_51 = 2.000000

After elimination:
    1.000000      0.000000      0.000000      0.000000      0.000000      0.000000      0.000000      0.000000      0.000000
    0.000000     11.000000      3.000000     10.000000     -3.000000      3.000000      3.000000     -4.000000     12.000000
    0.000000     12.000000      1.000000      5.000000      3.000000    -12.000000      2.000000      3.000000     -5.000000
    0.000000      7.000000     -2.000000      1.000000      3.000000      2.000000      2.000000      4.000000      3.000000
    0.000000    -13.000000     -1.000000      1.000000      4.000000     -1.000000      8.000000      3.000000    -23.000000
    4.000000      2.000000      9.000000      1.000000     12.000000     -1.000000      4.000000      1.000000    -26.000000
   -1.000000      4.000000     -7.000000     -1.000000      1.000000      1.000000     -1.000000     -3.000000      9.000000
   -1.000000      3.000000      4.000000      1.000000      3.000000     -4.000000      7.000000      6.000000     -7.000000

Eliminate entry in row 6
multiplier L_61 = 4.000000

After elimination:
    1.000000      0.000000      0.000000      0.000000      0.000000      0.000000      0.000000      0.000000      0.000000
    0.000000     11.000000      3.000000     10.000000     -3.000000      3.000000      3.000000     -4.000000     12.000000
    0.000000     12.000000      1.000000      5.000000      3.000000    -12.000000      2.000000      3.000000     -5.000000
    0.000000      7.000000     -2.000000      1.000000      3.000000      2.000000      2.000000      4.000000      3.000000
    0.000000    -13.000000     -1.000000      1.000000      4.000000     -1.000000      8.000000      3.000000    -23.000000
    0.000000      2.000000      9.000000      1.000000     12.000000     -1.000000      4.000000      1.000000    -26.000000
   -1.000000      4.000000     -7.000000     -1.000000      1.000000      1.000000     -1.000000     -3.000000      9.000000
   -1.000000      3.000000      4.000000      1.000000      3.000000     -4.000000      7.000000      6.000000     -7.000000

Eliminate entry in row 7
multiplier L_71 = -1.000000

After elimination:
    1.000000      0.000000      0.000000      0.000000      0.000000      0.000000      0.000000      0.000000      0.000000
    0.000000     11.000000      3.000000     10.000000     -3.000000      3.000000      3.000000     -4.000000     12.000000
    0.000000     12.000000      1.000000      5.000000      3.000000    -12.000000      2.000000      3.000000     -5.000000
    0.000000      7.000000     -2.000000      1.000000      3.000000      2.000000      2.000000      4.000000      3.000000
    0.000000    -13.000000     -1.000000      1.000000      4.000000     -1.000000      8.000000      3.000000    -23.000000
    0.000000      2.000000      9.000000      1.000000     12.000000     -1.000000      4.000000      1.000000    -26.000000
    0.000000      4.000000     -7.000000     -1.000000      1.000000      1.000000     -1.000000     -3.000000      9.000000
   -1.000000      3.000000      4.000000      1.000000      3.000000     -4.000000      7.000000      6.000000     -7.000000

Eliminate entry in row 8
multiplier L_81 = -1.000000

After elimination:
    1.000000      0.000000      0.000000      0.000000      0.000000      0.000000      0.000000      0.000000      0.000000
    0.000000     11.000000      3.000000     10.000000     -3.000000      3.000000      3.000000     -4.000000     12.000000
    0.000000     12.000000      1.000000      5.000000      3.000000    -12.000000      2.000000      3.000000     -5.000000
    0.000000      7.000000     -2.000000      1.000000      3.000000      2.000000      2.000000      4.000000      3.000000
    0.000000    -13.000000     -1.000000      1.000000      4.000000     -1.000000      8.000000      3.000000    -23.000000
    0.000000      2.000000      9.000000      1.000000     12.000000     -1.000000      4.000000      1.000000    -26.000000
    0.000000      4.000000     -7.000000     -1.000000      1.000000      1.000000     -1.000000     -3.000000      9.000000
    0.000000      3.000000      4.000000      1.000000      3.000000     -4.000000      7.000000      6.000000     -7.000000

Step 2 of elimination:

Pivoting: Swap rows 2 and 5
Max element in column 2: |a_52| = 13.000000

After row swap:
    1.000000      0.000000      0.000000      0.000000      0.000000      0.000000      0.000000      0.000000      0.000000
    0.000000    -13.000000     -1.000000      1.000000      4.000000     -1.000000      8.000000      3.000000    -23.000000
    0.000000     12.000000      1.000000      5.000000      3.000000    -12.000000      2.000000      3.000000     -5.000000
    0.000000      7.000000     -2.000000      1.000000      3.000000      2.000000      2.000000      4.000000      3.000000
    0.000000     11.000000      3.000000     10.000000     -3.000000      3.000000      3.000000     -4.000000     12.000000
    0.000000      2.000000      9.000000      1.000000     12.000000     -1.000000      4.000000      1.000000    -26.000000
    0.000000      4.000000     -7.000000     -1.000000      1.000000      1.000000     -1.000000     -3.000000      9.000000
    0.000000      3.000000      4.000000      1.000000      3.000000     -4.000000      7.000000      6.000000     -7.000000

Normalize row 2 (divide by -13.000000)

After normalization:
    1.000000      0.000000      0.000000      0.000000      0.000000      0.000000      0.000000      0.000000      0.000000
    0.000000      1.000000      0.000000      0.000000      0.000000      0.000000      0.000000      0.000000      1.000000
    0.000000     12.000000      1.000000      5.000000      3.000000    -12.000000      2.000000      3.000000     -5.000000
    0.000000      7.000000     -2.000000      1.000000      3.000000      2.000000      2.000000      4.000000      3.000000
    0.000000     11.000000      3.000000     10.000000     -3.000000      3.000000      3.000000     -4.000000     12.000000
    0.000000      2.000000      9.000000      1.000000     12.000000     -1.000000      4.000000      1.000000    -26.000000
    0.000000      4.000000     -7.000000     -1.000000      1.000000      1.000000     -1.000000     -3.000000      9.000000
    0.000000      3.000000      4.000000      1.000000      3.000000     -4.000000      7.000000      6.000000     -7.000000

Eliminate entry in row 3
multiplier L_32 = 12.000000

After elimination:
    1.000000      0.000000      0.000000      0.000000      0.000000      0.000000      0.000000      0.000000      0.000000
    0.000000      1.000000      0.000000      0.000000      0.000000      0.000000      0.000000      0.000000      1.000000
    0.000000      0.000000      1.000000      5.000000      3.000000    -12.000000      2.000000      3.000000    -17.000000
    0.000000      7.000000     -2.000000      1.000000      3.000000      2.000000      2.000000      4.000000      3.000000
    0.000000     11.000000      3.000000     10.000000     -3.000000      3.000000      3.000000     -4.000000     12.000000
    0.000000      2.000000      9.000000      1.000000     12.000000     -1.000000      4.000000      1.000000    -26.000000
    0.000000      4.000000     -7.000000     -1.000000      1.000000      1.000000     -1.000000     -3.000000      9.000000
    0.000000      3.000000      4.000000      1.000000      3.000000     -4.000000      7.000000      6.000000     -7.000000

Eliminate entry in row 4
multiplier L_42 = 7.000000

After elimination:
    1.000000      0.000000      0.000000      0.000000      0.000000      0.000000      0.000000      0.000000      0.000000
    0.000000      1.000000      0.000000      0.000000      0.000000      0.000000      0.000000      0.000000      1.000000
    0.000000      0.000000      1.000000      5.000000      3.000000    -12.000000      2.000000      3.000000    -17.000000
    0.000000      0.000000     -2.000000      1.000000      3.000000      2.000000      2.000000      4.000000     -4.000000
    0.000000     11.000000      3.000000     10.000000     -3.000000      3.000000      3.000000     -4.000000     12.000000
    0.000000      2.000000      9.000000      1.000000     12.000000     -1.000000      4.000000      1.000000    -26.000000
    0.000000      4.000000     -7.000000     -1.000000      1.000000      1.000000     -1.000000     -3.000000      9.000000
    0.000000      3.000000      4.000000      1.000000      3.000000     -4.000000      7.000000      6.000000     -7.000000

Eliminate entry in row 5
multiplier L_52 = 11.000000

After elimination:
    1.000000      0.000000      0.000000      0.000000      0.000000      0.000000      0.000000      0.000000      0.000000
    0.000000      1.000000      0.000000      0.000000      0.000000      0.000000      0.000000      0.000000      1.000000
    0.000000      0.000000      1.000000      5.000000      3.000000    -12.000000      2.000000      3.000000    -17.000000
    0.000000      0.000000     -2.000000      1.000000      3.000000      2.000000      2.000000      4.000000     -4.000000
    0.000000      0.000000      3.000000     10.000000     -3.000000      3.000000      3.000000     -4.000000      1.000000
    0.000000      2.000000      9.000000      1.000000     12.000000     -1.000000      4.000000      1.000000    -26.000000
    0.000000      4.000000     -7.000000     -1.000000      1.000000      1.000000     -1.000000     -3.000000      9.000000
    0.000000      3.000000      4.000000      1.000000      3.000000     -4.000000      7.000000      6.000000     -7.000000

Eliminate entry in row 6
multiplier L_62 = 2.000000

After elimination:
    1.000000      0.000000      0.000000      0.000000      0.000000      0.000000      0.000000      0.000000      0.000000
    0.000000      1.000000      0.000000      0.000000      0.000000      0.000000      0.000000      0.000000      1.000000
    0.000000      0.000000      1.000000      5.000000      3.000000    -12.000000      2.000000      3.000000    -17.000000
    0.000000      0.000000     -2.000000      1.000000      3.000000      2.000000      2.000000      4.000000     -4.000000
    0.000000      0.000000      3.000000     10.000000     -3.000000      3.000000      3.000000     -4.000000      1.000000
    0.000000      0.000000      9.000000      1.000000     12.000000     -1.000000      4.000000      1.000000    -28.000000
    0.000000      4.000000     -7.000000     -1.000000      1.000000      1.000000     -1.000000     -3.000000      9.000000
    0.000000      3.000000      4.000000      1.000000      3.000000     -4.000000      7.000000      6.000000     -7.000000

Eliminate entry in row 7
multiplier L_72 = 4.000000

After elimination:
    1.000000      0.000000      0.000000      0.000000      0.000000      0.000000      0.000000      0.000000      0.000000
    0.000000      1.000000      0.000000      0.000000      0.000000      0.000000      0.000000      0.000000      1.000000
    0.000000      0.000000      1.000000      5.000000      3.000000    -12.000000      2.000000      3.000000    -17.000000
    0.000000      0.000000     -2.000000      1.000000      3.000000      2.000000      2.000000      4.000000     -4.000000
    0.000000      0.000000      3.000000     10.000000     -3.000000      3.000000      3.000000     -4.000000      1.000000
    0.000000      0.000000      9.000000      1.000000     12.000000     -1.000000      4.000000      1.000000    -28.000000
    0.000000      0.000000     -7.000000     -1.000000      1.000000      1.000000     -1.000000     -3.000000      5.000000
    0.000000      3.000000      4.000000      1.000000      3.000000     -4.000000      7.000000      6.000000     -7.000000

Eliminate entry in row 8
multiplier L_82 = 3.000000

After elimination:
    1.000000      0.000000      0.000000      0.000000      0.000000      0.000000      0.000000      0.000000      0.000000
    0.000000      1.000000      0.000000      0.000000      0.000000      0.000000      0.000000      0.000000      1.000000
    0.000000      0.000000      1.000000      5.000000      3.000000    -12.000000      2.000000      3.000000    -17.000000
    0.000000      0.000000     -2.000000      1.000000      3.000000      2.000000      2.000000      4.000000     -4.000000
    0.000000      0.000000      3.000000     10.000000     -3.000000      3.000000      3.000000     -4.000000      1.000000
    0.000000      0.000000      9.000000      1.000000     12.000000     -1.000000      4.000000      1.000000    -28.000000
    0.000000      0.000000     -7.000000     -1.000000      1.000000      1.000000     -1.000000     -3.000000      5.000000
    0.000000      0.000000      4.000000      1.000000      3.000000     -4.000000      7.000000      6.000000    -10.000000

Step 3 of elimination:

Pivoting: Swap rows 3 and 6
Max element in column 3: |a_63| = 9.000000

After row swap:
    1.000000      0.000000      0.000000      0.000000      0.000000      0.000000      0.000000      0.000000      0.000000
    0.000000      1.000000      0.000000      0.000000      0.000000      0.000000      0.000000      0.000000      1.000000
    0.000000      0.000000      9.000000      1.000000     12.000000     -1.000000      4.000000      1.000000    -28.000000
    0.000000      0.000000     -2.000000      1.000000      3.000000      2.000000      2.000000      4.000000     -4.000000
    0.000000      0.000000      3.000000     10.000000     -3.000000      3.000000      3.000000     -4.000000      1.000000
    0.000000      0.000000      1.000000      5.000000      3.000000    -12.000000      2.000000      3.000000    -17.000000
    0.000000      0.000000     -7.000000     -1.000000      1.000000      1.000000     -1.000000     -3.000000      5.000000
    0.000000      0.000000      4.000000      1.000000      3.000000     -4.000000      7.000000      6.000000    -10.000000

Normalize row 3 (divide by 9.000000)

After normalization:
    1.000000      0.000000      0.000000      0.000000      0.000000      0.000000      0.000000      0.000000      0.000000
    0.000000      1.000000      0.000000      0.000000      0.000000      0.000000      0.000000      0.000000      1.000000
    0.000000      0.000000      1.000000      0.000000      1.000000      0.000000      0.000000      0.000000     -3.000000
    0.000000      0.000000     -2.000000      1.000000      3.000000      2.000000      2.000000      4.000000     -4.000000
    0.000000      0.000000      3.000000     10.000000     -3.000000      3.000000      3.000000     -4.000000      1.000000
    0.000000      0.000000      1.000000      5.000000      3.000000    -12.000000      2.000000      3.000000    -17.000000
    0.000000      0.000000     -7.000000     -1.000000      1.000000      1.000000     -1.000000     -3.000000      5.000000
    0.000000      0.000000      4.000000      1.000000      3.000000     -4.000000      7.000000      6.000000    -10.000000

Eliminate entry in row 4
multiplier L_43 = -2.000000

After elimination:
    1.000000      0.000000      0.000000      0.000000      0.000000      0.000000      0.000000      0.000000      0.000000
    0.000000      1.000000      0.000000      0.000000      0.000000      0.000000      0.000000      0.000000      1.000000
    0.000000      0.000000      1.000000      0.000000      1.000000      0.000000      0.000000      0.000000     -3.000000
    0.000000      0.000000      0.000000      1.000000      5.000000      2.000000      2.000000      4.000000    -10.000000
    0.000000      0.000000      3.000000     10.000000     -3.000000      3.000000      3.000000     -4.000000      1.000000
    0.000000      0.000000      1.000000      5.000000      3.000000    -12.000000      2.000000      3.000000    -17.000000
    0.000000      0.000000     -7.000000     -1.000000      1.000000      1.000000     -1.000000     -3.000000      5.000000
    0.000000      0.000000      4.000000      1.000000      3.000000     -4.000000      7.000000      6.000000    -10.000000

Eliminate entry in row 5
multiplier L_53 = 3.000000

After elimination:
    1.000000      0.000000      0.000000      0.000000      0.000000      0.000000      0.000000      0.000000      0.000000
    0.000000      1.000000      0.000000      0.000000      0.000000      0.000000      0.000000      0.000000      1.000000
    0.000000      0.000000      1.000000      0.000000      1.000000      0.000000      0.000000      0.000000     -3.000000
    0.000000      0.000000      0.000000      1.000000      5.000000      2.000000      2.000000      4.000000    -10.000000
    0.000000      0.000000      0.000000     10.000000     -6.000000      3.000000      3.000000     -4.000000     10.000000
    0.000000      0.000000      1.000000      5.000000      3.000000    -12.000000      2.000000      3.000000    -17.000000
    0.000000      0.000000     -7.000000     -1.000000      1.000000      1.000000     -1.000000     -3.000000      5.000000
    0.000000      0.000000      4.000000      1.000000      3.000000     -4.000000      7.000000      6.000000    -10.000000

Eliminate entry in row 6
multiplier L_63 = 1.000000

After elimination:
    1.000000      0.000000      0.000000      0.000000      0.000000      0.000000      0.000000      0.000000      0.000000
    0.000000      1.000000      0.000000      0.000000      0.000000      0.000000      0.000000      0.000000      1.000000
    0.000000      0.000000      1.000000      0.000000      1.000000      0.000000      0.000000      0.000000     -3.000000
    0.000000      0.000000      0.000000      1.000000      5.000000      2.000000      2.000000      4.000000    -10.000000
    0.000000      0.000000      0.000000     10.000000     -6.000000      3.000000      3.000000     -4.000000     10.000000
    0.000000      0.000000      0.000000      5.000000      2.000000    -12.000000      2.000000      3.000000    -14.000000
    0.000000      0.000000     -7.000000     -1.000000      1.000000      1.000000     -1.000000     -3.000000      5.000000
    0.000000      0.000000      4.000000      1.000000      3.000000     -4.000000      7.000000      6.000000    -10.000000

Eliminate entry in row 7
multiplier L_73 = -7.000000

After elimination:
    1.000000      0.000000      0.000000      0.000000      0.000000      0.000000      0.000000      0.000000      0.000000
    0.000000      1.000000      0.000000      0.000000      0.000000      0.000000      0.000000      0.000000      1.000000
    0.000000      0.000000      1.000000      0.000000      1.000000      0.000000      0.000000      0.000000     -3.000000
    0.000000      0.000000      0.000000      1.000000      5.000000      2.000000      2.000000      4.000000    -10.000000
    0.000000      0.000000      0.000000     10.000000     -6.000000      3.000000      3.000000     -4.000000     10.000000
    0.000000      0.000000      0.000000      5.000000      2.000000    -12.000000      2.000000      3.000000    -14.000000
    0.000000      0.000000      0.000000     -1.000000      8.000000      1.000000     -1.000000     -3.000000    -16.000000
    0.000000      0.000000      4.000000      1.000000      3.000000     -4.000000      7.000000      6.000000    -10.000000

Eliminate entry in row 8
multiplier L_83 = 4.000000

After elimination:
    1.000000      0.000000      0.000000      0.000000      0.000000      0.000000      0.000000      0.000000      0.000000
    0.000000      1.000000      0.000000      0.000000      0.000000      0.000000      0.000000      0.000000      1.000000
    0.000000      0.000000      1.000000      0.000000      1.000000      0.000000      0.000000      0.000000     -3.000000
    0.000000      0.000000      0.000000      1.000000      5.000000      2.000000      2.000000      4.000000    -10.000000
    0.000000      0.000000      0.000000     10.000000     -6.000000      3.000000      3.000000     -4.000000     10.000000
    0.000000      0.000000      0.000000      5.000000      2.000000    -12.000000      2.000000      3.000000    -14.000000
    0.000000      0.000000      0.000000     -1.000000      8.000000      1.000000     -1.000000     -3.000000    -16.000000
    0.000000      0.000000      0.000000      1.000000     -1.000000     -4.000000      7.000000      6.000000      2.000000

Step 4 of elimination:

Pivoting: Swap rows 4 and 5
Max element in column 4: |a_54| = 10.000000

After row swap:
    1.000000      0.000000      0.000000      0.000000      0.000000      0.000000      0.000000      0.000000      0.000000
    0.000000      1.000000      0.000000      0.000000      0.000000      0.000000      0.000000      0.000000      1.000000
    0.000000      0.000000      1.000000      0.000000      1.000000      0.000000      0.000000      0.000000     -3.000000
    0.000000      0.000000      0.000000     10.000000     -6.000000      3.000000      3.000000     -4.000000     10.000000
    0.000000      0.000000      0.000000      1.000000      5.000000      2.000000      2.000000      4.000000    -10.000000
    0.000000      0.000000      0.000000      5.000000      2.000000    -12.000000      2.000000      3.000000    -14.000000
    0.000000      0.000000      0.000000     -1.000000      8.000000      1.000000     -1.000000     -3.000000    -16.000000
    0.000000      0.000000      0.000000      1.000000     -1.000000     -4.000000      7.000000      6.000000      2.000000

Normalize row 4 (divide by 10.000000)

After normalization:
    1.000000      0.000000      0.000000      0.000000      0.000000      0.000000      0.000000      0.000000      0.000000
    0.000000      1.000000      0.000000      0.000000      0.000000      0.000000      0.000000      0.000000      1.000000
    0.000000      0.000000      1.000000      0.000000      1.000000      0.000000      0.000000      0.000000     -3.000000
    0.000000      0.000000      0.000000      1.000000      0.000000      0.000000      0.000000      0.000000      1.000000
    0.000000      0.000000      0.000000      1.000000      5.000000      2.000000      2.000000      4.000000    -10.000000
    0.000000      0.000000      0.000000      5.000000      2.000000    -12.000000      2.000000      3.000000    -14.000000
    0.000000      0.000000      0.000000     -1.000000      8.000000      1.000000     -1.000000     -3.000000    -16.000000
    0.000000      0.000000      0.000000      1.000000     -1.000000     -4.000000      7.000000      6.000000      2.000000

Eliminate entry in row 5
multiplier L_54 = 1.000000

After elimination:
    1.000000      0.000000      0.000000      0.000000      0.000000      0.000000      0.000000      0.000000      0.000000
    0.000000      1.000000      0.000000      0.000000      0.000000      0.000000      0.000000      0.000000      1.000000
    0.000000      0.000000      1.000000      0.000000      1.000000      0.000000      0.000000      0.000000     -3.000000
    0.000000      0.000000      0.000000      1.000000      0.000000      0.000000      0.000000      0.000000      1.000000
    0.000000      0.000000      0.000000      0.000000      5.000000      2.000000      2.000000      4.000000    -11.000000
    0.000000      0.000000      0.000000      5.000000      2.000000    -12.000000      2.000000      3.000000    -14.000000
    0.000000      0.000000      0.000000     -1.000000      8.000000      1.000000     -1.000000     -3.000000    -16.000000
    0.000000      0.000000      0.000000      1.000000     -1.000000     -4.000000      7.000000      6.000000      2.000000

Eliminate entry in row 6
multiplier L_64 = 5.000000

After elimination:
    1.000000      0.000000      0.000000      0.000000      0.000000      0.000000      0.000000      0.000000      0.000000
    0.000000      1.000000      0.000000      0.000000      0.000000      0.000000      0.000000      0.000000      1.000000
    0.000000      0.000000      1.000000      0.000000      1.000000      0.000000      0.000000      0.000000     -3.000000
    0.000000      0.000000      0.000000      1.000000      0.000000      0.000000      0.000000      0.000000      1.000000
    0.000000      0.000000      0.000000      0.000000      5.000000      2.000000      2.000000      4.000000    -11.000000
    0.000000      0.000000      0.000000      0.000000      2.000000    -12.000000      2.000000      3.000000    -19.000000
    0.000000      0.000000      0.000000     -1.000000      8.000000      1.000000     -1.000000     -3.000000    -16.000000
    0.000000      0.000000      0.000000      1.000000     -1.000000     -4.000000      7.000000      6.000000      2.000000

Eliminate entry in row 7
multiplier L_74 = -1.000000

After elimination:
    1.000000      0.000000      0.000000      0.000000      0.000000      0.000000      0.000000      0.000000      0.000000
    0.000000      1.000000      0.000000      0.000000      0.000000      0.000000      0.000000      0.000000      1.000000
    0.000000      0.000000      1.000000      0.000000      1.000000      0.000000      0.000000      0.000000     -3.000000
    0.000000      0.000000      0.000000      1.000000      0.000000      0.000000      0.000000      0.000000      1.000000
    0.000000      0.000000      0.000000      0.000000      5.000000      2.000000      2.000000      4.000000    -11.000000
    0.000000      0.000000      0.000000      0.000000      2.000000    -12.000000      2.000000      3.000000    -19.000000
    0.000000      0.000000      0.000000      0.000000      8.000000      1.000000     -1.000000     -3.000000    -15.000000
    0.000000      0.000000      0.000000      1.000000     -1.000000     -4.000000      7.000000      6.000000      2.000000

Eliminate entry in row 8
multiplier L_84 = 1.000000

After elimination:
    1.000000      0.000000      0.000000      0.000000      0.000000      0.000000      0.000000      0.000000      0.000000
    0.000000      1.000000      0.000000      0.000000      0.000000      0.000000      0.000000      0.000000      1.000000
    0.000000      0.000000      1.000000      0.000000      1.000000      0.000000      0.000000      0.000000     -3.000000
    0.000000      0.000000      0.000000      1.000000      0.000000      0.000000      0.000000      0.000000      1.000000
    0.000000      0.000000      0.000000      0.000000      5.000000      2.000000      2.000000      4.000000    -11.000000
    0.000000      0.000000      0.000000      0.000000      2.000000    -12.000000      2.000000      3.000000    -19.000000
    0.000000      0.000000      0.000000      0.000000      8.000000      1.000000     -1.000000     -3.000000    -15.000000
    0.000000      0.000000      0.000000      0.000000     -1.000000     -4.000000      7.000000      6.000000      1.000000

Step 5 of elimination:

Pivoting: Swap rows 5 and 7
Max element in column 5: |a_75| = 8.000000

After row swap:
    1.000000      0.000000      0.000000      0.000000      0.000000      0.000000      0.000000      0.000000      0.000000
    0.000000      1.000000      0.000000      0.000000      0.000000      0.000000      0.000000      0.000000      1.000000
    0.000000      0.000000      1.000000      0.000000      1.000000      0.000000      0.000000      0.000000     -3.000000
    0.000000      0.000000      0.000000      1.000000      0.000000      0.000000      0.000000      0.000000      1.000000
    0.000000      0.000000      0.000000      0.000000      8.000000      1.000000     -1.000000     -3.000000    -15.000000
    0.000000      0.000000      0.000000      0.000000      2.000000    -12.000000      2.000000      3.000000    -19.000000
    0.000000      0.000000      0.000000      0.000000      5.000000      2.000000      2.000000      4.000000    -11.000000
    0.000000      0.000000      0.000000      0.000000     -1.000000     -4.000000      7.000000      6.000000      1.000000

Normalize row 5 (divide by 8.000000)

After normalization:
    1.000000      0.000000      0.000000      0.000000      0.000000      0.000000      0.000000      0.000000      0.000000
    0.000000      1.000000      0.000000      0.000000      0.000000      0.000000      0.000000      0.000000      1.000000
    0.000000      0.000000      1.000000      0.000000      1.000000      0.000000      0.000000      0.000000     -3.000000
    0.000000      0.000000      0.000000      1.000000      0.000000      0.000000      0.000000      0.000000      1.000000
    0.000000      0.000000      0.000000      0.000000      1.000000      0.000000      0.000000      0.000000     -1.000000
    0.000000      0.000000      0.000000      0.000000      2.000000    -12.000000      2.000000      3.000000    -19.000000
    0.000000      0.000000      0.000000      0.000000      5.000000      2.000000      2.000000      4.000000    -11.000000
    0.000000      0.000000      0.000000      0.000000     -1.000000     -4.000000      7.000000      6.000000      1.000000

Eliminate entry in row 3
multiplier L_35 = 1.000000

After elimination:
    1.000000      0.000000      0.000000      0.000000      0.000000      0.000000      0.000000      0.000000      0.000000
    0.000000      1.000000      0.000000      0.000000      0.000000      0.000000      0.000000      0.000000      1.000000
    0.000000      0.000000      1.000000      0.000000      0.000000      0.000000      0.000000      0.000000     -2.000000
    0.000000      0.000000      0.000000      1.000000      0.000000      0.000000      0.000000      0.000000      1.000000
    0.000000      0.000000      0.000000      0.000000      1.000000      0.000000      0.000000      0.000000     -1.000000
    0.000000      0.000000      0.000000      0.000000      2.000000    -12.000000      2.000000      3.000000    -19.000000
    0.000000      0.000000      0.000000      0.000000      5.000000      2.000000      2.000000      4.000000    -11.000000
    0.000000      0.000000      0.000000      0.000000     -1.000000     -4.000000      7.000000      6.000000      1.000000

Eliminate entry in row 6
multiplier L_65 = 2.000000

After elimination:
    1.000000      0.000000      0.000000      0.000000      0.000000      0.000000      0.000000      0.000000      0.000000
    0.000000      1.000000      0.000000      0.000000      0.000000      0.000000      0.000000      0.000000      1.000000
    0.000000      0.000000      1.000000      0.000000      0.000000      0.000000      0.000000      0.000000     -2.000000
    0.000000      0.000000      0.000000      1.000000      0.000000      0.000000      0.000000      0.000000      1.000000
    0.000000      0.000000      0.000000      0.000000      1.000000      0.000000      0.000000      0.000000     -1.000000
    0.000000      0.000000      0.000000      0.000000      0.000000    -12.000000      2.000000      3.000000    -17.000000
    0.000000      0.000000      0.000000      0.000000      5.000000      2.000000      2.000000      4.000000    -11.000000
    0.000000      0.000000      0.000000      0.000000     -1.000000     -4.000000      7.000000      6.000000      1.000000

Eliminate entry in row 7
multiplier L_75 = 5.000000

After elimination:
    1.000000      0.000000      0.000000      0.000000      0.000000      0.000000      0.000000      0.000000      0.000000
    0.000000      1.000000      0.000000      0.000000      0.000000      0.000000      0.000000      0.000000      1.000000
    0.000000      0.000000      1.000000      0.000000      0.000000      0.000000      0.000000      0.000000     -2.000000
    0.000000      0.000000      0.000000      1.000000      0.000000      0.000000      0.000000      0.000000      1.000000
    0.000000      0.000000      0.000000      0.000000      1.000000      0.000000      0.000000      0.000000     -1.000000
    0.000000      0.000000      0.000000      0.000000      0.000000    -12.000000      2.000000      3.000000    -17.000000
    0.000000      0.000000      0.000000      0.000000      0.000000      2.000000      2.000000      4.000000     -6.000000
    0.000000      0.000000      0.000000      0.000000     -1.000000     -4.000000      7.000000      6.000000      1.000000

Eliminate entry in row 8
multiplier L_85 = -1.000000

After elimination:
    1.000000      0.000000      0.000000      0.000000      0.000000      0.000000      0.000000      0.000000      0.000000
    0.000000      1.000000      0.000000      0.000000      0.000000      0.000000      0.000000      0.000000      1.000000
    0.000000      0.000000      1.000000      0.000000      0.000000      0.000000      0.000000      0.000000     -2.000000
    0.000000      0.000000      0.000000      1.000000      0.000000      0.000000      0.000000      0.000000      1.000000
    0.000000      0.000000      0.000000      0.000000      1.000000      0.000000      0.000000      0.000000     -1.000000
    0.000000      0.000000      0.000000      0.000000      0.000000    -12.000000      2.000000      3.000000    -17.000000
    0.000000      0.000000      0.000000      0.000000      0.000000      2.000000      2.000000      4.000000     -6.000000
    0.000000      0.000000      0.000000      0.000000      0.000000     -4.000000      7.000000      6.000000      0.000000

Step 6 of elimination:

Normalize row 6 (divide by -12.000000)

After normalization:
    1.000000      0.000000      0.000000      0.000000      0.000000      0.000000      0.000000      0.000000      0.000000
    0.000000      1.000000      0.000000      0.000000      0.000000      0.000000      0.000000      0.000000      1.000000
    0.000000      0.000000      1.000000      0.000000      0.000000      0.000000      0.000000      0.000000     -2.000000
    0.000000      0.000000      0.000000      1.000000      0.000000      0.000000      0.000000      0.000000      1.000000
    0.000000      0.000000      0.000000      0.000000      1.000000      0.000000      0.000000      0.000000     -1.000000
    0.000000      0.000000      0.000000      0.000000      0.000000      1.000000      0.000000      0.000000      1.000000
    0.000000      0.000000      0.000000      0.000000      0.000000      2.000000      2.000000      4.000000     -6.000000
    0.000000      0.000000      0.000000      0.000000      0.000000     -4.000000      7.000000      6.000000      0.000000

Eliminate entry in row 7
multiplier L_76 = 2.000000

After elimination:
    1.000000      0.000000      0.000000      0.000000      0.000000      0.000000      0.000000      0.000000      0.000000
    0.000000      1.000000      0.000000      0.000000      0.000000      0.000000      0.000000      0.000000      1.000000
    0.000000      0.000000      1.000000      0.000000      0.000000      0.000000      0.000000      0.000000     -2.000000
    0.000000      0.000000      0.000000      1.000000      0.000000      0.000000      0.000000      0.000000      1.000000
    0.000000      0.000000      0.000000      0.000000      1.000000      0.000000      0.000000      0.000000     -1.000000
    0.000000      0.000000      0.000000      0.000000      0.000000      1.000000      0.000000      0.000000      1.000000
    0.000000      0.000000      0.000000      0.000000      0.000000      0.000000      2.000000      4.000000     -8.000000
    0.000000      0.000000      0.000000      0.000000      0.000000     -4.000000      7.000000      6.000000      0.000000

Eliminate entry in row 8
multiplier L_86 = -4.000000

After elimination:
    1.000000      0.000000      0.000000      0.000000      0.000000      0.000000      0.000000      0.000000      0.000000
    0.000000      1.000000      0.000000      0.000000      0.000000      0.000000      0.000000      0.000000      1.000000
    0.000000      0.000000      1.000000      0.000000      0.000000      0.000000      0.000000      0.000000     -2.000000
    0.000000      0.000000      0.000000      1.000000      0.000000      0.000000      0.000000      0.000000      1.000000
    0.000000      0.000000      0.000000      0.000000      1.000000      0.000000      0.000000      0.000000     -1.000000
    0.000000      0.000000      0.000000      0.000000      0.000000      1.000000      0.000000      0.000000      1.000000
    0.000000      0.000000      0.000000      0.000000      0.000000      0.000000      2.000000      4.000000     -8.000000
    0.000000      0.000000      0.000000      0.000000      0.000000      0.000000      7.000000      6.000000      4.000000

Step 7 of elimination:

Pivoting: Swap rows 7 and 8
Max element in column 7: |a_87| = 7.000000

After row swap:
    1.000000      0.000000      0.000000      0.000000      0.000000      0.000000      0.000000      0.000000      0.000000
    0.000000      1.000000      0.000000      0.000000      0.000000      0.000000      0.000000      0.000000      1.000000
    0.000000      0.000000      1.000000      0.000000      0.000000      0.000000      0.000000      0.000000     -2.000000
    0.000000      0.000000      0.000000      1.000000      0.000000      0.000000      0.000000      0.000000      1.000000
    0.000000      0.000000      0.000000      0.000000      1.000000      0.000000      0.000000      0.000000     -1.000000
    0.000000      0.000000      0.000000      0.000000      0.000000      1.000000      0.000000      0.000000      1.000000
    0.000000      0.000000      0.000000      0.000000      0.000000      0.000000      7.000000      6.000000      4.000000
    0.000000      0.000000      0.000000      0.000000      0.000000      0.000000      2.000000      4.000000     -8.000000

Normalize row 7 (divide by 7.000000)

After normalization:
    1.000000      0.000000      0.000000      0.000000      0.000000      0.000000      0.000000      0.000000      0.000000
    0.000000      1.000000      0.000000      0.000000      0.000000      0.000000      0.000000      0.000000      1.000000
    0.000000      0.000000      1.000000      0.000000      0.000000      0.000000      0.000000      0.000000     -2.000000
    0.000000      0.000000      0.000000      1.000000      0.000000      0.000000      0.000000      0.000000      1.000000
    0.000000      0.000000      0.000000      0.000000      1.000000      0.000000      0.000000      0.000000     -1.000000
    0.000000      0.000000      0.000000      0.000000      0.000000      1.000000      0.000000      0.000000      1.000000
    0.000000      0.000000      0.000000      0.000000      0.000000      0.000000      1.000000      0.000000      0.000000
    0.000000      0.000000      0.000000      0.000000      0.000000      0.000000      2.000000      4.000000     -8.000000

Eliminate entry in row 8
multiplier L_87 = 2.000000

After elimination:
    1.000000      0.000000      0.000000      0.000000      0.000000      0.000000      0.000000      0.000000      0.000000
    0.000000      1.000000      0.000000      0.000000      0.000000      0.000000      0.000000      0.000000      1.000000
    0.000000      0.000000      1.000000      0.000000      0.000000      0.000000      0.000000      0.000000     -2.000000
    0.000000      0.000000      0.000000      1.000000      0.000000      0.000000      0.000000      0.000000      1.000000
    0.000000      0.000000      0.000000      0.000000      1.000000      0.000000      0.000000      0.000000     -1.000000
    0.000000      0.000000      0.000000      0.000000      0.000000      1.000000      0.000000      0.000000      1.000000
    0.000000      0.000000      0.000000      0.000000      0.000000      0.000000      1.000000      0.000000      0.000000
    0.000000      0.000000      0.000000      0.000000      0.000000      0.000000      0.000000      4.000000     -8.000000

Step 8 of elimination:

Normalize row 8 (divide by 4.000000)

After normalization:
    1.000000      0.000000      0.000000      0.000000      0.000000      0.000000      0.000000      0.000000      0.000000
    0.000000      1.000000      0.000000      0.000000      0.000000      0.000000      0.000000      0.000000      1.000000
    0.000000      0.000000      1.000000      0.000000      0.000000      0.000000      0.000000      0.000000     -2.000000
    0.000000      0.000000      0.000000      1.000000      0.000000      0.000000      0.000000      0.000000      1.000000
    0.000000      0.000000      0.000000      0.000000      1.000000      0.000000      0.000000      0.000000     -1.000000
    0.000000      0.000000      0.000000      0.000000      0.000000      1.000000      0.000000      0.000000      1.000000
    0.000000      0.000000      0.000000      0.000000      0.000000      0.000000      1.000000      0.000000      0.000000
    0.000000      0.000000      0.000000      0.000000      0.000000      0.000000      0.000000      1.000000     -2.000000

Step 4: Final Solution
Computed solution x:
[ 0  1 -2  1 -1  1  0 -2]

Step 5: Error Analysis
Error (‖δx‖∞/‖x‖∞):
  Numerator ‖δx‖∞ = 3.000000e+00
  Denominator ‖x‖∞ = 1.000000e+00
  Final Error = 3.000000e+00

Residual (‖δr‖∞/‖x‖∞):
  Numerator ‖δr‖∞ = 1.700000e+01
  Denominator ‖x‖∞ = 1.000000e+00
  Final Residual = 6.538462e-01

Condition Number:
  κ(A) = 3.291161e+01
